Formula Name MW[g/mol] Tc[K] Pc[bar] omega A B C Tmin Tmax
Ar Argon 39.948 150.8 48.74 20.004 8.6128 700.51 25.84 81 94
BCl3 Boron trichloride 117.169 451.95 38.71 0.148 9.0985 2242.71 238.99 182 286
B2H6 Diborane 27.670 289.80 40.50 0.138 8.7074 1377.84 222.18 118 181
Br2 Bromine 159.808 584 103.35 0.132 9.2239 2582.32 251.56 259 354
CCl3F Trichlorofluoromethane 137.367 471.2 44.08 0.188 9.2314 2401.61 236.3 240 300
CF4 Carbon tetrafluoride 88.004 227.6 37.39 0.191 9.4341 1244.55 213.06 93 148
C2F6 Hexafluoroethane 138.012 292.8 30.42 0.255 9.1646 1559.11 224.51 180 195
CHCl3 Chloroform 119.377 536.4 54.72 0.216 9.3530 2696.79 246.16 260 370
CO Carbon monoxide 28.010 132.9 34.96 0.049 7.7484 530.22 213.15 63 108
CO2 Carbon dioxide 44.010 304.2 73.76 0.225 15.9696 3103.39 20.16 154 204
CS2 Carbon disulfide 76.143 552 79.03 0.115 9.3642 2690.85 231.62 228 342
Cl2 Chlorine 70.905 417 77.01 0.073 9.3408 1978.32 227.01 172 264
F2 Fluorine 37.997 144.3 52.18 0.048 9.0498 714.10 26.00 59 91
H2 Hydrogen 2.016 33.2 12.97 20.22 7.0131 164.90 3.19 14 25
HBr Hydrogen bromide 80.912 363.2 85.52 0.063 7.8485 1242.53 247.86 184 221
HCN Hydrogen cyanide 27.025 456.8 53.90 0.407 9.8936 2585.80 237.15 234 330
HCl Hydrogen chloride 36.461 324.6 83.09 0.12 9.8838 1714.25 214.45 137 200
H2O Water 18.015 647.3 220.48 0.344 11.6834 3816.44 246.13 284 441
H2S Hydrogen sulfide 34.082 373.2 89.37 0.100 9.4838 1768.69 226.06 190 230
NH3 Ammonia 17.031 405.6 112.77 0.250 10.3279 2132.50 232.98 179 261
He Helium-4 4.003 5.19 2.27 20.387 5.6312 33.7329 1.79 3.7 4.3
HF Hydrogen fluoride 20.006 461 64.85 0.372 11.0756 3404.49 15.06 206 313
Kr Krypton 83.800 209.4 55.02 20.002 8.6475 958.75 28.71 113 129
N2 Nitrogen 28.013 126.2 33.84 0.039 8.3340 588.72 26.60 54 90
NF3 Nitrogen trifluoride 71.002 234 45.29 0.132 8.9905 1155.69 215.37 103 155
N2O Nitrous oxide 44.013 309.6 72.45 0.160 9.5069 1506.49 225.99 144 200
NO Nitric oxide 30.006 180 64.85 0.607 13.5112 1572.52 24.88 95 140
NO2 Nitrogen dioxide 46.006 431.4 101.33 0.86 13.9122 4141.29 3.65 230 320
Ne Neon 20.180 44.4 27.56 0.00 7.3897 180.47 22.61 24 29
O2 Oxygen 31.999 154.6 50.46 0.021 8.7873 734.55 26.45 63 100
PH3 Phosphene 33.998 324.45 65.35 0.042 9.2700 1617.91 211.07 144 186
SF6 Sulfur hexafluoride 146.056 318.7 37.59 0.286 12.7583 2524.78 211.16 159 220
SO2 Sulfur dioxide 64.065 430.8 78.83 0.251 10.1478 2302.35 235.97 195 280
SO3 Sulfur trioxide 80.064 491.0 82.07 0.41 14.2201 3995.70 236.66 290 332
SiCl3H Trichlorosilane 135.452 479.0 41.7 0.203 9.7079 2694.02 227.00 275 305
SiCl4 Silicon tetrachloride 169.896 507.0 37.49 0.264 9.1817 2634.16 243.15 238 364
SiF4 Silicon tetrafluoride 104.079 259.09 37.15 0.456 16.3709 2810.45 26.88 129 128
SiH4 Silane 32.117 269.69 48.43 0.089 9.7222 1620.99 5.35 94 162
WF6 Tungsten hexafluoride 297.830 444.0 43.40 0.231 10.4899 2351.42 264.70 202 290